              precision    recall  f1-score   support

           A       0.89      0.94      0.91        34
           B       0.90      0.77      0.83        35
          CH       1.00      1.00      1.00        30
           D       0.95      1.00      0.98        21
           E       0.75      0.67      0.71         9
        ERII       0.93      0.93      0.93        27
           F       1.00      0.88      0.94        34
           G       1.00      1.00      1.00        21
           H       0.89      0.97      0.93        32
     Htemdeg       0.88      0.75      0.81        28
           I       0.87      0.96      0.92        28
           J       1.00      0.97      0.98        29
           K       0.90      1.00      0.95        26
           L       0.97      1.00      0.98        32
           M       0.97      1.00      0.99        33
           N       0.97      0.93      0.95        30
           O       1.00      0.92      0.96        39
          OU       0.93      1.00      0.96        25
           P       1.00      0.97      0.99        34
           R       1.00      0.91      0.95        33
           S       1.00      0.97      0.99        35
          SH       0.91      0.91      0.91        32
        SHCH       1.00      0.92      0.96        12
           T       1.00      0.96      0.98        26
          TS       0.92      0.88      0.90        26
           U       0.91      0.91      0.91        22
           V       0.96      0.83      0.89        30
           Y       0.91      1.00      0.95        30
          YA       0.70      1.00      0.83        26
          YE       0.96      0.90      0.93        30
          YO       0.90      0.97      0.94        37
          YU       0.92      0.76      0.83        29
           Z       0.91      1.00      0.95        30
     Ztemdeg       0.84      0.84      0.84        31
          hI       0.85      0.94      0.89        18

    accuracy                           0.93       994
   macro avg       0.93      0.92      0.92       994
weighted avg       0.93      0.93      0.93       994
