              precision    recall  f1-score   support

           A       1.00      1.00      1.00        34
           B       0.92      1.00      0.96        35
          CH       1.00      1.00      1.00        30
           D       1.00      1.00      1.00        21
           E       1.00      0.78      0.88         9
        ERII       0.93      1.00      0.96        27
           F       1.00      1.00      1.00        34
           G       0.95      1.00      0.98        21
           H       1.00      1.00      1.00        32
     Htemdeg       1.00      0.93      0.96        28
           I       1.00      1.00      1.00        28
           J       1.00      1.00      1.00        29
           K       1.00      1.00      1.00        26
           L       1.00      0.97      0.98        32
           M       0.97      1.00      0.99        33
           N       1.00      0.97      0.98        30
           O       1.00      1.00      1.00        39
          OU       1.00      1.00      1.00        25
           P       1.00      1.00      1.00        34
           R       0.97      1.00      0.99        33
           S       1.00      1.00      1.00        35
          SH       1.00      1.00      1.00        32
        SHCH       1.00      0.92      0.96        12
           T       1.00      1.00      1.00        26
          TS       1.00      1.00      1.00        26
           U       1.00      1.00      1.00        22
           V       1.00      1.00      1.00        30
           Y       1.00      0.90      0.95        30
          YA       0.87      1.00      0.93        26
          YE       1.00      1.00      1.00        30
          YO       1.00      1.00      1.00        37
          YU       1.00      0.93      0.96        29
           Z       1.00      1.00      1.00        30
     Ztemdeg       0.94      0.94      0.94        31
          hI       1.00      1.00      1.00        18

    accuracy                           0.99       994
   macro avg       0.99      0.98      0.98       994
weighted avg       0.99      0.99      0.99       994
